[LEFT_CAM_2K]
fx=1403.15
fy=1403.15
cx=1084.62
cy=678.664
k1=-0.174862
k2=0.0280071
p1=0.000654162
p2=0.000368023
k3=0

[RIGHT_CAM_2K]
fx=1393.92
fy=1393.92
cx=1116.86
cy=625.318
k1=-0.174038
k2=0.0274015
p1=0.000487689
p2=0.000302634
k3=0

[LEFT_CAM_FHD]
fx=1403.15
fy=1403.15
cx=940.62
cy=597.664
k1=-0.174862
k2=0.0280071
p1=0.000654162
p2=0.000368023
k3=0

[RIGHT_CAM_FHD]
fx=1393.92
fy=1393.92
cx=972.86
cy=544.318
k1=-0.174038
k2=0.0274015
p1=0.000487689
p2=0.000302634
k3=0

[LEFT_CAM_HD]
fx=701.575
fy=701.575
cx=628.81
cy=387.332
k1=-0.174862
k2=0.0280071
p1=0.000654162
p2=0.000368023
k3=0

[RIGHT_CAM_HD]
fx=696.96
fy=696.96
cx=644.93
cy=360.659
k1=-0.174038
k2=0.0274015
p1=0.000487689
p2=0.000302634
k3=0

[LEFT_CAM_VGA]
fx=350.7875
fy=350.7875
cx=329.905
cy=201.166
k1=-0.174862
k2=0.0280071
p1=0.000654162
p2=0.000368023
k3=0

[RIGHT_CAM_VGA]
fx=348.48
fy=348.48
cx=337.965
cy=187.8295
k1=-0.174038
k2=0.0274015
p1=0.000487689
p2=0.000302634
k3=0

[STEREO]
Baseline=120.001
TY=-0.00204777
TZ=0.023654
CV_2K=0.00151379
CV_FHD=0.00151379
CV_HD=0.00151379
CV_VGA=0.00151379
RX_2K=-0.00829328
RX_FHD=-0.00829328
RX_HD=-0.00829328
RX_VGA=-0.00829328
RZ_2K=0.000918921
RZ_FHD=0.000918921
RZ_HD=0.000918921
RZ_VGA=0.000918921

